{"lq":[-11.750388,-2.089209,-0.19372328,-3.0567834,-13.680398,-7.0463996,-19.183786,-9.793243,-14.953652,-19.951109,-6.467505,-10.638117,-20.725643,-11.808888,-19.865599,-18.121237,-23.285238,-22.848864,-16.6894,-13.578071,-18.84884,-15.876914,-18.394022,-11.465442,-20.848934,-16.243988,-10.830076,-9.379766,-23.122663,-17.137001,-15.736971,-14.40268,-12.53901,-15.617573,-23.187208,-6.123453,-19.908892,-17.983877,-19.907051,-14.156699,-15.755257,-11.916254,-7.7299805,-11.37694,-15.827141],"lt":[[null,null,null,null],[-0.24992554,-0.24992554,-0.25062838,-0.25062838],[-15.118943,-15.118943,-7.509607,null],[-15.118943,-15.118943,null,-7.509607],[-1.5089563,-1.5089563,-1.5089563,-1.5089563]],"lp":[[-26.755198,-35.772526,-35.772526,-35.772526,-35.772526,-35.772526,-35.772526,-35.82626,-35.7726,-35.351727,-35.805485,-35.772526,-35.887592,-35.747906,-35.752163,-35.20138,-35.334465,-35.89396,-35.804913,-35.378048,-32.675198,-35.772526,-32.90722,-35.38309,-35.41463,-32.937225,-35.326267,-30.928843,-35.898422,-34.92712,-34.00859,-34.764362,-34.941563,-34.88648,-36.12058,-35.793972,-34.868088,-34.64165,-33.065807,-33.623894,-35.60142,-35.276638,-35.683178,-33.112762,-33.735683],[-35.772526,-22.414133,-22.730877,-26.176142,-32.241642,-32.2208,-29.60192,-34.108704,-36.06905,-28.142277,-35.686848,-34.990417,-33.699738,-25.32257,-35.5045,-27.329786,-30.379057,-35.298565,-34.771908,-30.441587,-34.537003,-34.34078,-33.805573,-34.488064,-33.092155,-34.69978,-32.619457,-25.60638,-35.16036,-31.673628,-31.26674,-33.738647,-27.04239,-34.656815,-33.281086,-34.381973,-24.295189,-33.504112,-30.832687,-24.045982,-34.64525,-32.355328,-34.65661,-31.671083,-33.76945],[-35.772526,-22.730877,-12.837087,-19.530416,-21.841454,-19.198744,-25.428015,-28.333176,-35.74269,-24.720055,-33.525867,-35.330856,-33.965225,-20.08421,-35.151386,-27.763807,-32.0058,-35.144344,-33.730423,-21.474861,-31.477686,-33.505894,-30.176468,-31.716045,-30.847881,-31.100424,-32.077087,-20.958935,-34.781017,-28.587801,-27.387728,-32.98851,-28.896738,-27.847746,-28.582804,-33.869755,-18.421877,-29.604803,-18.585276,-15.735883,-31.462303,-30.627132,-33.04892,-29.927092,-33.449944],[-35.772526,-26.176142,-19.530416,-10.058817,-27.966383,-26.17768,-23.849274,-24.285591,-35.54774,-28.071054,-33.19206,-33.174393,-33.164047,-13.179134,-32.415775,-26.033144,-26.210201,-31.10009,-31.826141,-20.965446,-31.737806,-34.206535,-23.276974,-31.326675,-31.048613,-28.81309,-26.220768,-18.094616,-33.406067,-23.98608,-22.655882,-34.076244,-24.771553,-25.658258,-28.69195,-30.510927,-13.126923,-27.394142,-17.285076,-17.584679,-30.938156,-28.861563,-30.422335,-28.24732,-30.982262],[-35.772526,-32.241642,-21.841454,-27.966383,-20.420696,-23.374058,-34.898327,-36.250587,-37.073696,-36.52159,-34.494938,-35.276756,-36.23514,-29.53931,-34.65604,-28.305761,-28.934366,-36.202297,-33.262505,-28.186481,-35.768322,-33.069145,-32.060482,-35.798862,-34.455524,-32.975452,-34.62983,-35.761112,-35.559093,-36.575703,-32.208206,-37.10979,-32.09849,-31.850079,-38.64617,-31.932549,-28.207197,-34.78524,-34.61366,-32.49347,-33.295315,-32.07972,-33.03949,-30.957464,-31.009823],[-35.772526,-32.2208,-19.198744,-26.17768,-23.374058,-12.538453,-28.480656,-30.42455,-36.103565,-31.013147,-33.07369,-33.842052,-34.687305,-25.634111,-35.80923,-25.794233,-21.702513,-34.802067,-32.750217,-23.577366,-30.5506,-28.932035,-27.773932,-33.524685,-28.391924,-29.773909,-33.299557,-25.676327,-33.598705,-30.61977,-30.644545,-32.756462,-22.397484,-30.910692,-32.559853,-30.670591,-20.914995,-28.191498,-29.39052,-27.72221,-29.311308,-34.403862,-29.550138,-33.016293,-27.78166],[-35.772526,-29.60192,-25.428015,-23.849274,-34.898327,-28.480656,-46.20473,-56.738293,-53.142796,-32.20692,-38.796474,-35.410812,-58.689915,-47.86205,-35.830883,-29.014397,-54.85707,-43.19226,-50.251514,-62.901394,-54.609837,-29.690868,-42.866188,-56.25314,-29.821365,-33.567383,-12.296134,-53.854435,-37.672554,-55.96574,-35.76827,-54.833843,-47.781116,-52.419987,-26.717035,-34.201355,-23.309591,-52.010998,-61.490406,-58.728653,-36.349186,-51.02166,-43.936176,-47.087162,-30.889982],[-35.82626,-34.108704,-28.333176,-24.285591,-36.250587,-30.42455,-56.738293,-19.684095,-42.937237,-38.37674,-31.48716,-29.435787,-50.305523,-32.25074,-22.726954,-43.50342,-52.146122,-39.714607,-39.955624,-35.44853,-53.12219,-33.773155,-48.829235,-31.867798,-34.852127,-36.21464,-32.395454,-37.509113,-36.249676,-34.22287,-47.456295,-50.89382,-49.777866,-33.614944,-47.404076,-26.762188,-35.330944,-44.538662,-43.777122,-39.984707,-33.25458,-47.144268,-22.908903,-42.251587,-33.279675],[-35.7726,-36.06905,-35.74269,-35.54774,-37.073696,-36.103565,-53.142796,-42.937237,-10.851433,-26.84935,-29.629496,-34.13034,-44.6107,-33.287037,-26.544966,-31.494143,-25.785637,-32.28628,-40.668877,-35.20123,-32.01735,-35.189167,-20.22649,-29.937078,-26.374052,-29.540882,-22.480385,-27.465897,-28.460596,-47.91419,-26.369408,-38.54711,-37.519146,-33.57974,-37.216167,-31.52641,-26.624535,-8.744111,-26.900257,-41.283005,-19.585644,-38.206493,-33.05016,-26.659206,-11.270177],[-35.351727,-28.142277,-24.720055,-28.071054,-36.52159,-31.013147,-32.20692,-38.37674,-26.84935,-4.572702,-36.804344,-35.189934,-47.362698,-34.87042,-35.995144,-48.396175,-30.33318,-15.606821,-35.082787,-47.125134,-47.53525,-7.360297,-34.99317,-38.87452,-43.046772,-39.76222,-43.072063,-36.79263,-24.777061,-37.707912,-46.163673,-52.91052,-58.780857,-47.056583,-43.111053,-38.623943,-56.04578,-23.744602,-22.35192,-45.25901,-46.59304,-49.00012,-40.817024,-36.306423,-19.212433],[-35.805485,-35.686848,-33.525867,-33.19206,-34.494938,-33.07369,-38.796474,-31.48716,-29.629496,-36.804344,-4.9382243,-32.023727,-37.533737,-22.434309,-35.19475,-34.894238,-33.216175,-35.798103,-30.314795,-14.348248,-34.125126,-34.366394,-38.909374,-8.252168,-33.709583,-34.689617,-34.314304,-20.947815,-35.11488,-33.10078,-32.091587,-36.563778,-36.39223,-28.823233,-31.806099,-32.512928,-33.37357,-27.698423,-31.43529,-34.499756,-26.174356,-35.66514,-25.374832,-31.905394,-32.810505],[-35.772526,-34.990417,-35.330856,-33.174393,-35.276756,-33.842052,-35.410812,-29.435787,-34.13034,-35.189934,-32.023727,-17.393139,-38.297665,-30.993927,-34.46401,-28.088821,-33.610313,-34.818745,-32.174446,-39.95179,-41.41404,-35.305946,-37.06979,-26.989868,-35.26976,-25.491472,-24.997095,-40.25507,-33.997772,-22.876945,-37.45275,-44.888134,-42.482796,-33.721294,-39.528824,-8.24462,-20.412626,-37.17174,-34.605747,-35.83882,-33.527325,-38.185287,-12.277364,-31.298103,-25.864168],[-35.887592,-33.699738,-33.965225,-33.164047,-36.23514,-34.687305,-58.689915,-50.305523,-44.6107,-47.362698,-37.533737,-38.297665,-3.8089957,-29.593426,-38.120846,-16.039125,-49.741436,-42.084446,-35.90568,-48.753952,-39.91128,-34.8477,-35.254917,-29.580011,-46.16797,-35.47358,-39.34612,-39.312187,-36.327732,-58.815853,-46.8418,-30.490404,-6.3131914,-34.220776,-46.204216,-42.690044,-48.994442,-48.503895,-49.163055,-43.344265,-36.815296,-44.7635,-40.13609,-28.203604,-27.069586],[-35.747906,-25.32257,-20.08421,-13.179134,-29.53931,-25.634111,-47.86205,-32.25074,-33.287037,-34.87042,-22.434309,-30.993927,-29.593426,-14.428893,-32.576817,-28.615688,-28.805511,-39.43205,-32.062817,-28.147697,-39.982933,-32.8343,-37.212666,-25.421297,-29.224142,-38.70248,-29.472475,-21.099312,-33.106983,-39.79099,-37.17865,-38.763927,-39.388767,-29.689793,-39.35668,-21.065653,-39.904575,-30.83464,-34.555424,-29.879131,-23.337477,-41.260403,-27.756819,-31.672672,-25.1354],[-35.752163,-35.5045,-35.151386,-32.415775,-34.65604,-35.80923,-35.830883,-22.726954,-26.544966,-35.995144,-35.19475,-34.46401,-38.120846,-32.576817,-9.172128,-33.371155,-32.47215,-36.648193,-32.82203,-33.025505,-30.23326,-35.690018,-34.473866,-33.936543,-30.148043,-24.888876,-30.153912,-35.35818,-35.55752,-26.462135,-6.2701254,-32.942635,-33.787216,-34.99599,-30.332054,-31.595419,-32.69674,-26.393703,-33.863304,-28.325397,-33.560013,-34.324615,-28.704351,-31.055,-30.484352],[-35.20138,-27.329786,-27.763807,-26.033144,-28.305761,-25.794233,-29.014397,-43.50342,-31.494143,-48.396175,-34.894238,-28.088821,-16.039125,-28.615688,-33.371155,-2.4566474,-41.31226,-49.54392,-29.552473,-42.519566,-39.11865,-36.714325,-40.796776,-37.984806,-39.33831,-13.874292,-43.142788,-31.012194,-40.040123,-43.29998,-40.108078,-39.68346,-22.423124,-29.877338,-50.87249,-30.092966,-37.84992,-41.64614,-48.215504,-36.19845,-30.401789,-40.72137,-22.699524,-46.298534,-30.289738],[-35.334465,-30.379057,-32.0058,-26.210201,-28.934366,-21.702513,-54.85707,-52.146122,-25.785637,-30.33318,-33.216175,-33.610313,-49.741436,-28.805511,-32.47215,-41.31226,-3.5318007,-23.97772,-19.081257,-40.895336,-49.571346,-31.428051,-40.762806,-33.723324,-32.546734,-39.420223,-34.99555,-36.694675,-36.991787,-44.05264,-35.77835,-59.213028,-57.61099,-43.857105,-44.17519,-34.27386,-43.11959,-5.405179,-33.802128,-46.15295,-31.988464,-45.666622,-17.128876,-30.379137,-18.606981],[-35.89396,-35.298565,-35.144344,-31.10009,-36.202297,-34.802067,-43.19226,-39.714607,-32.28628,-15.606821,-35.798103,-34.818745,-42.084446,-39.43205,-36.648193,-49.54392,-23.97772,-17.97217,-29.310017,-42.38791,-44.19673,-33.43093,-33.11269,-31.278158,-36.044,-38.476803,-41.274086,-35.388275,-31.20155,-38.743168,-42.42461,-46.804127,-48.400562,-41.497116,-48.066433,-32.205147,-40.987106,-20.700638,-24.477129,-43.417908,-39.445686,-46.645573,-37.216133,-35.966278,-18.307407],[-35.804913,-34.771908,-33.730423,-31.826141,-33.262505,-32.750217,-50.251514,-39.955624,-40.668877,-35.082787,-30.314795,-32.174446,-35.90568,-32.062817,-32.82203,-29.552473,-19.081257,-29.310017,-4.4827056,-39.480667,-36.973736,-34.377754,-30.7142,-32.61127,-35.954807,-29.585835,-32.821438,-31.79651,-20.949688,-53.041363,-29.829916,-45.92376,-40.255764,-35.90187,-46.687233,-31.652609,-21.293106,-33.3371,-43.33274,-43.045525,-27.904762,-42.913876,-22.238691,-11.4430895,-6.257531],[-35.378048,-30.441587,-21.474861,-20.965446,-28.186481,-23.577366,-62.901394,-35.44853,-35.20123,-47.125134,-14.348248,-39.95179,-48.753952,-28.147697,-33.025505,-42.519566,-40.895336,-42.38791,-39.480667,-15.144597,-36.44187,-40.264652,-36.585297,-29.629019,-44.08883,-35.5977,-33.52165,-45.855648,-45.623806,-36.13464,-36.674446,-38.01946,-36.911823,-32.61519,-42.969517,-34.31196,-36.534355,-37.69678,-41.166008,-51.847668,-37.596928,-39.202675,-32.114414,-36.80953,-33.465286],[-32.675198,-34.537003,-31.477686,-31.737806,-35.768322,-30.5506,-54.609837,-53.12219,-32.01735,-47.53525,-34.125126,-41.41404,-39.91128,-39.982933,-30.23326,-39.11865,-49.571346,-44.19673,-36.973736,-36.44187,-3.0386367,-36.53474,-39.800823,-28.903286,-21.4066,-33.88204,-40.250233,-30.705637,-45.452255,-49.723385,-50.46893,-45.704533,-56.921867,-38.50562,-20.24898,-37.743877,-42.7766,-52.86825,-53.39494,-33.58886,-7.248212,-29.457672,-43.685734,-37.44421,-33.064342],[-35.772526,-34.34078,-33.505894,-34.206535,-33.069145,-28.932035,-29.690868,-33.773155,-35.189167,-7.360297,-34.366394,-35.305946,-34.8477,-32.8343,-35.690018,-36.714325,-31.428051,-33.43093,-34.377754,-40.264652,-36.53474,-10.144399,-34.7783,-35.308636,-33.401405,-31.594883,-34.374485,-36.931694,-33.48522,-37.21379,-28.5787,-42.39727,-41.643826,-32.32416,-29.75914,-35.798477,-44.560932,-33.46858,-20.193918,-35.83753,-33.38696,-34.751656,-29.62849,-34.74254,-30.115074],[-32.90722,-33.805573,-30.176468,-23.276974,-32.060482,-27.773932,-42.866188,-48.829235,-20.22649,-34.99317,-38.909374,-37.06979,-35.254917,-37.212666,-34.473866,-40.796776,-40.762806,-33.11269,-30.7142,-36.585297,-39.800823,-34.7783,-4.0742106,-36.5285,-42.180317,-38.918877,-48.566746,-30.70653,-22.767033,-53.15147,-26.6496,-53.64658,-46.345387,-46.368893,-49.5634,-22.992756,-27.084015,-37.475727,-28.653193,-31.83852,-37.015224,-42.90406,-32.31928,-33.236294,-13.8931],[-35.38309,-34.488064,-31.716045,-31.326675,-35.798862,-33.524685,-56.25314,-31.867798,-29.937078,-38.87452,-8.252168,-26.989868,-29.580011,-25.421297,-33.936543,-37.984806,-33.723324,-31.278158,-32.61127,-29.629019,-28.903286,-35.308636,-36.5285,-4.646795,-35.588306,-30.45759,-32.43984,-22.915543,-37.369724,-37.28087,-29.737156,-38.239895,-31.391926,-33.340115,-30.567577,-35.179897,-35.474506,-33.565285,-39.73054,-46.20657,-34.012276,-36.849106,-31.154661,-21.448711,-25.729534],[-35.41463,-33.092155,-30.847881,-31.048613,-34.455524,-28.391924,-29.821365,-34.852127,-26.374052,-43.046772,-33.709583,-35.26976,-46.16797,-29.224142,-30.148043,-39.33831,-32.546734,-36.044,-35.954807,-44.08883,-21.4066,-33.401405,-42.180317,-35.588306,-2.296947,-24.350576,-14.597456,-30.848604,-42.71107,-29.944696,-48.524097,-55.799793,-53.088993,-39.83032,-11.059844,-31.629711,-37.384605,-35.819885,-43.38142,-33.820595,-5.870097,-16.23808,-22.043074,-38.983192,-40.107594],[-32.937225,-34.69978,-31.100424,-28.81309,-32.975452,-29.773909,-33.567383,-36.21464,-29.540882,-39.76222,-34.689617,-25.491472,-35.47358,-38.70248,-24.888876,-13.874292,-39.420223,-38.476803,-29.585835,-35.5977,-33.88204,-31.594883,-38.918877,-30.45759,-24.350576,-7.965465,-40.527287,-23.983404,-31.802101,-23.890743,-38.47855,-63.190826,-51.525387,-39.564297,-41.570236,-13.053458,-34.73854,-40.3399,-51.805107,-33.42044,-29.27004,-32.737823,-12.43207,-35.81499,-35.44179],[-35.326267,-32.619457,-32.077087,-26.220768,-34.62983,-33.299557,-12.296134,-32.395454,-22.480385,-43.072063,-34.314304,-24.997095,-39.34612,-29.472475,-30.153912,-43.142788,-34.99555,-41.274086,-32.821438,-33.52165,-40.250233,-34.374485,-48.566746,-32.43984,-14.597456,-40.527287,-7.979547,-33.731735,-44.765263,-44.517708,-43.784805,-54.978413,-52.92445,-40.410152,-30.585186,-33.677628,-46.296326,-21.120743,-45.762135,-34.71956,-21.659067,-39.212116,-13.568943,-33.44795,-32.811283],[-30.928843,-25.60638,-20.958935,-18.094616,-35.761112,-25.676327,-53.854435,-37.509113,-27.465897,-36.79263,-20.947815,-40.25507,-39.312187,-21.099312,-35.35818,-31.012194,-36.694675,-35.388275,-31.79651,-45.855648,-30.705637,-36.931694,-30.70653,-22.915543,-30.848604,-23.983404,-33.731735,-6.9631934,-38.44517,-36.364124,-32.9822,-36.560154,-38.945015,-44.366947,-37.12852,-39.969997,-38.136986,-32.807316,-38.186943,-39.687496,-31.762337,-44.089672,-21.944828,-22.252792,-27.83627],[-35.898422,-35.16036,-34.781017,-33.406067,-35.559093,-33.598705,-37.672554,-36.249676,-28.460596,-24.777061,-35.11488,-33.997772,-36.327732,-33.106983,-35.55752,-40.040123,-36.991787,-31.20155,-20.949688,-45.623806,-45.452255,-33.48522,-22.767033,-37.369724,-42.71107,-31.802101,-44.765263,-38.44517,-5.5677104,-47.490833,-46.222546,-52.14545,-44.92418,-47.836216,-50.067787,-34.188416,-43.169514,-40.240917,-42.162445,-45.013813,-41.992176,-44.255596,-37.308056,-27.556225,-10.376956],[-34.92712,-31.673628,-28.587801,-23.98608,-36.575703,-30.61977,-55.96574,-34.22287,-47.91419,-37.707912,-33.10078,-22.876945,-58.815853,-39.79099,-26.462135,-43.29998,-44.05264,-38.743168,-53.041363,-36.13464,-49.723385,-37.21379,-53.15147,-37.28087,-29.944696,-23.890743,-44.517708,-36.364124,-47.490833,-8.275207,-49.341797,-72.84852,-56.121735,-41.574512,-44.599598,-14.633654,-49.92403,-47.172394,-41.618504,-37.807785,-42.124508,-45.964375,-16.686924,-49.402443,-52.061108],[-34.00859,-31.26674,-27.387728,-22.655882,-32.208206,-30.644545,-35.76827,-47.456295,-26.369408,-46.163673,-32.091587,-37.45275,-46.8418,-37.17865,-6.2701254,-40.108078,-35.77835,-42.42461,-29.829916,-36.674446,-50.46893,-28.5787,-26.6496,-29.737156,-48.524097,-38.47855,-43.784805,-32.9822,-46.222546,-49.341797,-6.6349597,-43.517082,-39.13351,-32.03539,-45.779224,-41.28793,-18.15824,-50.79508,-43.359825,-40.250114,-43.56452,-44.637264,-32.817074,-39.35757,-36.122116],[-34.764362,-33.738647,-32.98851,-34.076244,-37.10979,-32.756462,-54.833843,-50.89382,-38.54711,-52.91052,-36.563778,-44.888134,-30.490404,-38.763927,-32.942635,-39.68346,-59.213028,-46.804127,-45.92376,-38.01946,-45.704533,-42.39727,-53.64658,-38.239895,-55.799793,-63.190826,-54.978413,-36.560154,-52.14545,-72.84852,-43.517082,-1.8431315,-36.312126,-41.23487,-45.756866,-42.257286,-50.883,-58.009296,-56.622463,-45.001842,-49.17974,-55.465534,-48.930386,-49.199116,-39.66387],[-34.941563,-27.04239,-28.896738,-24.771553,-32.09849,-22.397484,-47.781116,-49.777866,-37.519146,-58.780857,-36.39223,-42.482796,-6.3131914,-39.388767,-33.787216,-22.423124,-57.61099,-48.400562,-40.255764,-36.911823,-56.921867,-41.643826,-46.345387,-31.391926,-53.088993,-51.525387,-52.92445,-38.945015,-44.92418,-56.121735,-39.13351,-36.312126,-4.270103,-38.87618,-59.15514,-35.586357,-49.01412,-53.884075,-52.7961,-41.95629,-49.800896,-52.933033,-38.982563,-50.390957,-37.0264],[-34.88648,-34.656815,-27.847746,-25.658258,-31.850079,-30.910692,-52.419987,-33.614944,-33.57974,-47.056583,-28.823233,-33.721294,-34.220776,-29.689793,-34.99599,-29.877338,-43.857105,-41.497116,-35.90187,-32.61519,-38.50562,-32.32416,-46.368893,-33.340115,-39.83032,-39.564297,-40.410152,-44.366947,-47.836216,-41.574512,-32.03539,-41.23487,-38.87618,-14.441116,-39.874287,-32.238304,-39.67539,-35.32265,-42.369205,-24.742298,-26.216297,-24.494322,-25.088444,-33.812805,-35.306732],[-36.12058,-33.281086,-28.582804,-28.69195,-38.64617,-32.559853,-26.717035,-47.404076,-37.216167,-43.111053,-31.806099,-39.528824,-46.204216,-39.35668,-30.332054,-50.87249,-44.17519,-48.066433,-46.687233,-42.969517,-20.24898,-29.75914,-49.5634,-30.567577,-11.059844,-41.570236,-30.585186,-37.12852,-50.067787,-44.599598,-45.779224,-45.756866,-59.15514,-39.874287,-2.230888,-37.93395,-40.437363,-41.991146,-46.47551,-30.405008,-20.51874,-41.970467,-42.906734,-44.101936,-32.681896],[-35.793972,-34.381973,-33.869755,-30.510927,-31.932549,-30.670591,-34.201355,-26.762188,-31.52641,-38.623943,-32.512928,-8.24462,-42.690044,-21.065653,-31.595419,-30.092966,-34.27386,-32.205147,-31.652609,-34.31196,-37.743877,-35.798477,-22.992756,-35.179897,-31.629711,-13.053458,-33.677628,-39.969997,-34.188416,-14.633654,-41.28793,-42.257286,-35.586357,-32.238304,-37.93395,-4.7079654,-28.266123,-30.307762,-44.851143,-40.831608,-31.055912,-45.622776,-17.077776,-40.816616,-23.241583],[-34.868088,-24.295189,-18.421877,-13.126923,-28.207197,-20.914995,-23.309591,-35.330944,-26.624535,-56.04578,-33.37357,-20.412626,-48.994442,-39.904575,-32.69674,-37.84992,-43.11959,-40.987106,-21.293106,-36.534355,-42.7766,-44.560932,-27.084015,-35.474506,-37.384605,-34.73854,-46.296326,-38.136986,-43.169514,-49.92403,-18.15824,-50.883,-49.01412,-39.67539,-40.437363,-28.266123,-8.646336,-40.88251,-35.778427,-33.80208,-38.98707,-41.12982,-28.189833,-36.635384,-21.981047],[-34.64165,-33.504112,-29.604803,-27.394142,-34.78524,-28.191498,-52.010998,-44.538662,-8.744111,-23.744602,-27.698423,-37.17174,-48.503895,-30.83464,-26.393703,-41.64614,-5.405179,-20.700638,-33.3371,-37.69678,-52.86825,-33.46858,-37.475727,-33.565285,-35.819885,-40.3399,-21.120743,-32.807316,-40.240917,-47.172394,-50.79508,-58.009296,-53.884075,-35.32265,-41.991146,-30.307762,-40.88251,-1.7458434,-30.439148,-36.27691,-46.830837,-46.931095,-33.20018,-35.380543,-17.367035],[-33.065807,-30.832687,-18.585276,-17.285076,-34.61366,-29.39052,-61.490406,-43.777122,-26.900257,-22.35192,-31.43529,-34.605747,-49.163055,-34.555424,-33.863304,-48.215504,-33.802128,-24.477129,-43.33274,-41.166008,-53.39494,-20.193918,-28.653193,-39.73054,-43.38142,-51.805107,-45.762135,-38.186943,-42.162445,-41.618504,-43.359825,-56.622463,-52.7961,-42.369205,-46.47551,-44.851143,-35.778427,-30.439148,-5.175794,-43.35075,-50.895634,-53.980053,-46.705326,-45.96249,-32.40157],[-33.623894,-24.045982,-15.735883,-17.584679,-32.49347,-27.72221,-58.728653,-39.984707,-41.283005,-45.25901,-34.499756,-35.83882,-43.344265,-29.879131,-28.325397,-36.19845,-46.15295,-43.417908,-43.045525,-51.847668,-33.58886,-35.83753,-31.83852,-46.20657,-33.820595,-33.42044,-34.71956,-39.687496,-45.013813,-37.807785,-40.250114,-45.001842,-41.95629,-24.742298,-30.405008,-40.831608,-33.80208,-36.27691,-43.35075,-12.304693,-23.7887,-26.259659,-32.988407,-38.518955,-38.592937],[-35.60142,-34.64525,-31.462303,-30.938156,-33.295315,-29.311308,-36.349186,-33.25458,-19.585644,-46.59304,-26.174356,-33.527325,-36.815296,-23.337477,-33.560013,-30.401789,-31.988464,-39.445686,-27.904762,-37.596928,-7.248212,-33.38696,-37.015224,-34.012276,-5.870097,-29.27004,-21.659067,-31.762337,-41.992176,-42.124508,-43.56452,-49.17974,-49.800896,-26.216297,-20.51874,-31.055912,-38.98707,-46.830837,-50.895634,-23.7887,-3.1252456,-10.008414,-28.646704,-30.874174,-32.808876],[-35.276638,-32.355328,-30.627132,-28.861563,-32.07972,-34.403862,-51.02166,-47.144268,-38.206493,-49.00012,-35.66514,-38.185287,-44.7635,-41.260403,-34.324615,-40.72137,-45.666622,-46.645573,-42.913876,-39.202675,-29.457672,-34.751656,-42.90406,-36.849106,-16.23808,-32.737823,-39.212116,-44.089672,-44.255596,-45.964375,-44.637264,-55.465534,-52.933033,-24.494322,-41.970467,-45.622776,-41.12982,-46.931095,-53.980053,-26.259659,-10.008414,-3.3964725,-25.85028,-42.0146,-44.698177],[-35.683178,-34.65661,-33.04892,-30.422335,-33.03949,-29.550138,-43.936176,-22.908903,-33.05016,-40.817024,-25.374832,-12.277364,-40.13609,-27.756819,-28.704351,-22.699524,-17.128876,-37.216133,-22.238691,-32.114414,-43.685734,-29.62849,-32.31928,-31.154661,-22.043074,-12.43207,-13.568943,-21.944828,-37.308056,-16.686924,-32.817074,-48.930386,-38.982563,-25.088444,-42.906734,-17.077776,-28.189833,-33.20018,-46.705326,-32.988407,-28.646704,-25.85028,-3.5849986,-23.464106,-34.977222],[-33.112762,-31.671083,-29.927092,-28.24732,-30.957464,-33.016293,-47.087162,-42.251587,-26.659206,-36.306423,-31.905394,-31.298103,-28.203604,-31.672672,-31.055,-46.298534,-30.379137,-35.966278,-11.4430895,-36.80953,-37.44421,-34.74254,-33.236294,-21.448711,-38.983192,-35.81499,-33.44795,-22.252792,-27.556225,-49.402443,-39.35757,-49.199116,-50.390957,-33.812805,-44.101936,-40.816616,-36.635384,-35.380543,-45.96249,-38.518955,-30.874174,-42.0146,-23.464106,-4.6084857,-14.809223],[-33.735683,-33.76945,-33.449944,-30.982262,-31.009823,-27.78166,-30.889982,-33.279675,-11.270177,-19.212433,-32.810505,-25.864168,-27.069586,-25.1354,-30.484352,-30.289738,-18.606981,-18.307407,-6.257531,-33.465286,-33.064342,-30.115074,-13.8931,-25.729534,-40.107594,-35.44179,-32.811283,-27.83627,-10.376956,-52.061108,-36.122116,-39.66387,-37.0264,-35.306732,-32.681896,-23.241583,-21.981047,-17.367035,-32.40157,-38.592937,-32.808876,-44.698177,-34.977222,-14.809223,-3.2878451]],"eta":[15.01825],"logreg":[0.31941915,0.029685138],"alphabet":["!","1","2","3","4","5","6","7","8","C","E","G","H","I","L","N","S","T","Z","a","b","c","d","e","f","g","h","i","j","k","l","m","n","o","p","q","r","s","t","u","v","w","x","y","z"]}